$ANSIBLE_VAULT;1.1;AES256
32353431646464643833366337633830316133663835313565396132363531373631353862386262
6265376333303133336162396337383039313034353531640a356435333362663438323562653935
37646535623431646238323638363564643531356162316263343634313437663863616432643835
3936396463386561650a303935633936336436643834366435623532336663333332393534303238
64383932313034303435373762356166653831326165313936353135333534303636393739366361
32363763353563623839393961636232663930616231656466316266616439303635306634643634
30313565333532373663653661653936356134343132623739316361346333363263626634306639
64353730333839636437616562333638363863333234323738363463336338373435383932613736
31623835633266616435313833326636343132373731306462616361303236643663353339386566
63363539353733333535613434643637663461636439396134356664373238376130343333616365
35336436663339656137373537313362333636323462303830313861336234306636366136373330
39393037376462346338353134346437633137393030313632663235613863356634386165333038
37326639353362633864383330313263373730316361663637663133323839623437643033353339
66666130316639626133343939633166353666316331636166636435396335313535373136616665
36393465636339316131653362643362373365336532363134326535333535333564373233623433
31346534323162373765663831653765643965376133653464663733396664326632343333373864
35633266613132353363343135316634393161303664623832613730303466333138313565623734
36323636353439373363643031323937306532323330333735623062373839373263313361356161
65383565383663333332323561393763663133663665643561306161386661316161366632336636
35343634313838376432623462623166373830663330656135653037613639623032316236653733
30616531316237336666306536306566346639303634396438613766376461613536336135646231
62366563623862326662313863373730386565363131343934643031363236373633663537316565
33666264623639643566623162646664363237343035383733303231653138613935666363396365
31336238383865343736613838326164386132383638333936646565336661656632383261333861
66396663323766616164653135356137666165383033633333363365643639343864
