$ANSIBLE_VAULT;1.1;AES256
34323539323935366262633339656565633933346264366263373036396639373334386433373365
3436626133376366313464366263636261653836336136340a333737613264666538383233323665
65353634376233613964313366383839323764636230353331636535376361663262613031383733
3064666333366132620a306332356538313236306630313938393039323834643362356436336462
66643234656164613931363563643335383662313436616665393039613738306534666662313961
66616539623065616630313164343335613037353135373237393736326334363431633562666561
31393939636465326236656465646237326131313230383638376533613965643531666232666665
38613936626566316134623764393962663565383734623331316536313864656130343539646564
64396161393435343237303961333438333533396363376234343861353062366436316663373665
33376566623134303838633737393539343539353564653664316362363464653631636538663563
65636164333265316664393239333736366133316266666533633432626462353763363738306666
65626430363635653966323832666138656333356237633538366330383636643462343135623832
63303931363832303562343661633036643034666333326661663164343238336539376536646263
37643362313430386535663339336263333335636437616235626230313766376261633161376162
64386338633364613037616163663733333632656132303730393431386539353938323439633364
33646537336131363539316438663032313330636362376435346330643965353564333937616661
65306237373435326236356439393263333239326632333630336138626333333039646331303531
65383636656132663839653335336362333762613164356361333736333161633733303333336238
30326462366438353664303235623531396566633936613130613266343932383464636634633637
37353334643330623139656363346564333331376638303536303836643032363064346565316337
30306632616264656164343437663533323832393262356537646163333863313964356261333436
30653162616139613937303939616138623239653831333435666232653864313335643135396430
35313061646330363164313465343531633534333738626538323662393537373635663662613234
61306364346437643632343864323066386266653735633365623637333061633934643936653937
38313532343238663237313233313963366530643138643636363462383862363264
